ACRARNENSES
1111111101.

153
580
951
975

uest

152
580
950
973
977
969
1193

murres.

332
383
389
404
502
831
1007
1078
1094
1258
1272

NlJBES.

235
460
706
714
907
813
862
967
1103
1145
1161
1171
1263
1392

VESPAE.
289 Ι 1

5
Ξ

980
990
1195

η-ωω-ο-

333
385
390
406
505
835
1010
1080
1097
1260
1275

ωΗωύωρωΜ-αηι- .

236
460
707
716
810
815
885
971
1105
1146
1161
1169
1260
1390

ωωῦθῐοωϋωωωΜΙ-Θῑ-

290 1

 

——--.—..—.—.

COLLATIO

VERS'UUM EDITIONIS BRUNCKII CUM KUSTERIANA

SECUNDUM QUAM scaouA cmm SOLENT.

BRUNCK .

310
317
410
719
736
753
767
865
932
1013
1235
1255
1275
1530
1535

60
390
395
595
600
765
920
945

1030
1035
1195
1290
1310
1340
1356

215

220
223
315
345
386
540

vel usque adfinem obtinet.

lst‘fl'.

308
316
408
718
734
750
783
860
926

1008
1228
1247
1266
¹5²0
1523

PAX.

59
³90
394
595
599
765
919
945

1029
1035
1194
1288
1310
1341
1354

Avus.

214
220
224
315
344
386
541

ΝΠ. utnon.

635
640
865
880
1040
1515
1720

ιΥὸΒΤΒΑΤὼ

385
500
605
660
675
820
905
1060
1070
1075
1200
1210

mnsuopflonmzus. . ³

&OffifflQwfflfflfflssae—ss-*H

——n

130
740
745
947
948
1078
1085
1088
1215
1220

Μ-Οθὸ-Ο-Ο-Φ-ῧ-Ο-

-0-0-0—

KUST. 1)1 ΓΕ.

635 0
641 1
865 0
881 1
1040 0
1514 1
1724 2

11
15
386
500
606
660
670
820
904
1060
1071
1077
1201
1212

U! ae—n-e-o-o-o-o—

5³
60
64
137
746
752
955
957
1088
1096
1200
1228
1234

ΒΑΝΕ.

 

-n-——u——n
&un-Ooefflqssqfflv'u

170 Ι 171 Ι 1

- -----—-500000-———

 

 

 

Tereia series differentiam indicae quoe ab eo mrsu, cujus numero adjecta est, usque ad proxime memoratum

nnuncx. ιυστ.
181 193
255 25⁶
270 272
312 315
535 5³9
5⁴0 ⁵4⁰
⁵45 55³
595 οοο
600 612
605 618
070 ⁶82
814 827
⁸20 8³8
825 810
830 854
878 905
899 928
905 9³⁶
100⁵ 1037
1105 1136
1275 1307
1280 1913
1290 1325
1335 1371
1340 1379
1345 1386
1355 1397
1360 1404
1304 1409
1365 1412
1435 1483
ECCLESIAZUSAE.

⁴71 46⁰
⁴97 491
499 495
709 701
963 950
961 958
ΡιᾸΙἸΊ15.

810 Ι 811

